570999
571466
602521
610127
613990
615389
616124
616126
617779
619601
621506
625687
626763
627047
629196
629780
650494
654792
654793
655240
656567
659681
664597
673796
674260
679954
682834
683957
684419
689676
692946
693548
696049
697545
709530
716496
718407
718408
719083
720966
724675
730851
731863
733930
734610
746246
746250
746251
747227
748949
750685
751692
758789
758790
766402
766403
768994
768995
772228
777156
782557
787498
790547
792626
794243
797548
797550
798249
799794
802294
822457
822460
822602
836228
836964
837001
844133
851019
851020
855604
855606
860867
863535
875150
880690
887704
887823
887834
888081
903513
906046
917040
919237
972126
991557
1001823
1021398
1021403
1041942
1049977
1057647
1057648
1063694
1064813
1078624
1080761
1105735
1105748
1110651
1118312
1124359
1135739
1135743
1153227
1160609
1172261
1172839
1173215
1185536
1185537
1190277
1195946
1196345
1205688
1205689
1208059
1218513
1218883
1222494
1222496
1222497
1222506
1231865
1247622
1247624
1247630
1250728
1253224
1255671
1257758
1263753
1266865
1269860
1283236
1283987
1288387
1294472
1297938
1308304
1313012
1329430
1329720
1332031
1338752
1342108
1346741
1346750
1352863
1354516
1355750
1355751
1363056
1379549
1381716
1385058
1385206
1389462
1390484
1390865
1390872
1393317
1398595
1400735
1416217
1420402
1431933
1445323
1445727
1451075
1452561
1453107
1453392
1468774
1475226
1475231
1485878
1489167
1489986
1497616
1529445
1548815
1548903
1549665
1564730
1566234
1582463
1583449
1584514
1584559
1588350
1597549
1597568
1602917
1613411
1625229
1630669
1632530
1643856
1646724
1652033
1654092
1658851
1664437
1665877
1670700
1683522
1685309
1689751
1691612
1697093
1705650
1709783
1718204
1721118
1734028
1744766
1750276
1751165
1760438
1763848
1766545
1766639
1778446
1778473
1779869
1779877
1783308
1785004
1785005
1786167
1791444
1793731
1798386
1806512
1817289
1821309
1840009
1889671
1889727
1896039
1896513
1912271
1951601
1960641
1977343
1981947
1991013
1992423
2009925
2019331
2034853
2037135
2040635
2041783
2052315
2054289
2054987
2090965
2095855
2097463
2103229
2109455
2111371
2113545
2116031
2120499
2136370
2146403
2169878
2173447
2173466
2181763
2181774
2193563
2204942
2206053
2212677
2217352
2236661
2238777
2239476
2251700
2266608
2277260
2277919
2282055
2282170
2291530
2294256
2297198
2297622
2306225
2313434
2322598
2324544
2326925
2344784
2345563
2346297
2346518
2346537
2361326
2361340
2363953
2363954
2374353
2374640
2384435
2399214
2399227
2405565
2412678
2436852
2445047
2445677
2445739
2446505
2446553
2449545
2470626
2480592
2480603
2495597
2495610
2502939
2502960
2512503
2516158
2519338
2534539
2535070
2542030
2547885
2577235
2577960
2577971
2580119
2583082
2583264
2592071
2592074
2593943
2594034
2594077
2608693
2628621
2628652
2628672
2660700
2688926
2688952
2689002
2689099
2689104
2689156
2689177
2689200
2706981
2706990
2707052
2715543
2723752
2727752
2732294
2733247
2754025
2768403
2782431
2799011
2832277
2842359
2842539
2842563
2843815
2891743
2897373
2897943
2963607
2974545
2980799
2980949
2980961
2981007
3109125
3263287
3396931
3424149
3424161
3439553
3509989
3521213
3526417
3533072
3533955
3545401
3552522
3552894
3572405
3606705
3620260
3620270
3621932
3623794
3631900
3631949
3632410
3638109
3664442
3666116
3670357
3677755
3692927
3693445
3693463
3699411
3705793
3710763
3719487
3724258
3743703
3743807
3751254
3751631
3754594
3757597
3782937
3782963
3783123
3783134
3783481
3790675
3798293
3803684
3804714
3817611
3836244
3836595
3847553
3854731
3862917
3869961
3921356
3924507
3924529
3929190
3934609
3944587
3964817
3964880
3984003
3984404
3992200
3993448
4020881
4025076
4025470
4033524
4048252
4050008
4050784
4066730
4069428
4079770
4093558
4099068
4102834
4110269
4134273
4134280
4134948
4140876
4141814
4144011
4156741
4156796
4161355
4167710
4169067
4182646
4182664
4186049
4201530
4207253
4208224
4210646
4217880
4220936
4233127
4240586
4242591
4243658
4249462
4254791
4259597
4278030
4278075
4291288
4291835
4302298
4313028
4319150
4322252
4329937
4332443
4360767
4364158
4385701
4386077
4411934
4433523
4447023
4453049
4457606
4479981
4483094
4492319
4492498
4492500
4492958
4493308
4494225
4504385
4505356
4505708
4508339
4508890
4509943
4519156
4526126
4528984
4560486
4564599
4564606
4571628
4578006
4578009
4600448
4609624
4633669
4651210
4653307
4654391
4658206
4661463
4663092
4664204
4665139
4665769
4672744
4677638
4682453
4682462
4685833
4687783
4688045
4688722
4694845
4696543
4707209
4721645
4748819
4762506
4766768
4773939
4773953
4773957
4784862
4788249
4792990
4800373
4801510
4803576
4803580
4807424
4820206
4820304
4821008
4826047
4837296
4870842
4877293
4877347
4880971
4887483
4907002
4907075
4930614
4934750
4938889
4939966
4946475
4955928
4967667
4973380
4976077
4995913
4995914
5006150
5006215
5007673
5033942
5051595
5051664
5064345
5064395
5065680
5067171
5068375
5068764
5082956
5084240
5086905
5091574
5092940
5099931
5110800
5124626
5125258
5174205
5200611
5216410
5234744
5239617
5251276
5252607
5256980
5284633
5297366
5331113
5374368
5374397
5375336
5375337
5386677
5387906
5389456
5399520
5399528
5399543
5446330
5448563
5456323
5480760
5508807
5509395
5521724
5534653
5551764
5580203
5581098
5585426
5603037
5629652
5644443
5659496
5665968
5670350
5670486
5694149
5694503
5705364
5712460
5713292
5716934
5718118
5726475
5726496
5729605
5729767
5732271
5737146
5737182
5740914
5741078
5755884
5756976
5768481
5769519
5769894
5783862
5786423
5793552
5793567
5814792
5827399
5840707
5842657
5845405
5872378
5874816
5885185
5891822
5906396
5916517
5924815
5925306
5946080
5955077
5997706
6011508
6011750
6017639
6017651
6019485
6047039
6063468
6089995
6102276
6119301
6213646
6306312
6310759
6327890
6445392
6479950
6558274
6558767
6579845
6622250
6719944
6728723
6729984
6738623
6765439
6765902
6776218
6789216
6792949
6799011
6812272
6826416
6851043
6851055
6851061
6873740
6873746
6873761
6873785
6893625
6899981
6911089
6956146
6972849
6981532
6988333
6993279
7024882
7030913
7043495
7043821
7051516
7060574
7072254
7086254
7105613
7107030
7130702
7139230
7163439
7186778
7190556
7194674
7208235
7210421
7213165
7220992
7245202
7249490
7249509
7254541
7270946
7275106
7290447
7303786
7306013
7311827
7321547
7324541
7335064
7346850
7347088
7355479
7355772
7365315
7371954
7374882
7389139
7397656
7397926
7398390
7398421
7398425
7404984
7405842
7415151
7419636
7424668
7437623
7448029
7461920
7461984
7468569
7474825
7474828
7474833
7474836
7475073
7494141
7495011
7502430
7506527
7519557
7530613
7535056
7535072
7536001
7538974
7541049
7544285
7568815
7568910
7598664
7599416
7604181
7613829
7618149
7620333
7620436
7620474
7620485
7620498
7655482
7655501
7655672
7676417
7690693
7699729
7701140
7702729
7702738
7702751
7707682
7715861
7715890
7720394
7727942
7731717
7745009
7748173
7748249
7750952
7754707
7755717
7755858
7755878
7756770
7756803
7767192
7802278
7811759
7812698
7815142
7820928
7825261
7845515
7845588
7845604
7845632
7845652
7873299
7873311
7874653
7875240
7883637
7883665
7890420
7891435
7891497
7893050
7905164
7912041
7917459
7921328
7929004
7947977
7952170
7959694
7963021
7978291
7979782
7986465
8010173
8018012
8022127
8033262
8033301
8034696
8043325
8055503
8065993
8066045
8078943
8087369
8116853
8117410
8120975
8121452
8139326
8148357
8155785
8163715
8197950
8223633
8236974
8249301
8259970
8277790
8293452
8293492
8305324
8318021
8340505
8340537
8345603
8376106
8403333
8403900
8404234
8407473
8416681
8437003
8439010
8439013
8443681
8478481
8480056
8496934
8541173
8568444
8568467
8568483
8570003
8577026
8582857
8602725
8646143
8652752
8817547
8831949
8831963
8837766
8892395
8901979
8906632
8911512
8919234
8940722
8948361
8964710
8977763
8978833
8982199
8987407
9006665
9012795
9022310
9022318
9022327
9038563
9040888
9043919
9050428
9050711
9056940
9059033
9061647
9104084
9110674
9111314
9133578
9137634
9143523
9143529
9156708
9156809
9161770
9179523
9220684
9224462
9224485
9224496
9224503
9230801
9230810
9230815
9234734
9241891
9255358
9258031
9277966
9289491
9313386
9314975
9315155
9343004
9344952
9353436
9373653
9392095
9395612
9404023
9404029
9417530
9448605
9448631
9460693
9465615
9466019
9473718
9481438
9485737
9520904
9524399
9527703
9546114
9572855
9580386
9583614
9583619
9588438
9588517
9603197
9603321
9619425
9643669
9679344
9691907
9699710
9735213
9735967
9751233
9774109
9782376
9791224
9791231
9791241
9795463
9796159
9804787
9807049
9810297
9817393
9817421
9824543
9827492
9835764
9870937
9870985
9871057
9872562
9883766
9883806
9886720
9886898
9887455
9903626
9932605
9933345
9944960
9946330
9959170
9970258
9970965
9975119
9978801
9982128
9987114
9994217
9994233
9998926
10007138
10007246
10023070
10056226
10057825
10080003
10080245
10080276
10096862
10097846
10097901
10120486
10123636
10123661
10124090
10157832
10157856
10159688
10176900
10178389
10186122
10191963
10195958
10196019
10201519
10206257
10206301
10240887
10254774
10267490
10267540
10276334
10279753
10301699
10325700
10326801
10332995
10334286
10334414
10340122
10353019
10358433
10365074
10368331
10383699
10397385
10413508
10413601
10414972
10415055
10470012
10484351
10511392
10511491
10518130
10518450
10518453
10527235
10527237
10534330
10542013
10542124
10549003
10549010
10558129
10586192
10591693
10591787
10598646
10604305
10605151
10619375
10621727
10628130
10639311
10639328
10653285
10659899
10665454
10667690
10686979
10687038
10693331
10694623
10713534
10713684
10713702
10714353
10718337
10763081
10778163
10793666
10798233
10801856
10801941
10806462
10808932
10839384
10866556
10868352
10878275
10878337
10910827
10915628
10932699
10936764
10937274
10937456
10961563
11024292
11052864
11122317
11159948
11247181
11247205
11248640
11358611
11363116
11399272
11487953
11487970
11503698
11508684
11517064
11523103
11531725
11543759
11543768
11549557
11613334
11619712
11641667
11644085
11694166
11694212
11695303
11717453
11717465
11750311
11773237
11790026
11793492
11810782
11871943
11914411
11955833
11981767
11983247
12006802
12015860
12017048
12081251
12091991
12093251
12097465
12097476
12098116
12131684
12146770
12163768
12179633
12183876
12186226
12188978
12191525
12204371
12211679
12211723
12212772
12224827
12229828
12229900
12235724
12244433
12261205
12273279
12287790
12301937
12302021
12307625
12316807
12320266
12329176
12330542
12368827
12368830
12374973
12376104
12376579
12377300
12391242
12391674
12409071
12409174
12417118
12435786
12441349
12441377
12443324
12456497
12457106
12484335
12488209
12492353
12493119
12493138
12530055
12539251
12540086
12542273
12569900
12570158
12577922
12583056
12584054
12586542
12596207
12596401
12600177
12606294
12610325
12623661
12631491
12631507
12658575
12693550
12700340
12723824
12733630
12733875
12766792
12766811
12810207
12815085
12824354
12837333
12846904
12866333
12872040
12872050
12875582
12876139
12903759
12911226
12911277
12911306
12911318
12911332
12911351
12925290
12945024
12961957
12962900
12962972
12983081
12983095
12983262
12983271
12983318
12983321
12985669
13001280
13002631
13003080
13019617
13023801
13025629
13027723
13027733
13036111
13037489
13044139
13073693
13085048
13085776
13094153
13094161
13124593
13124598
13124603
13141324
13180344
13180351
13180798
13188082
13198147
13198854
13203865
13220642
13240227
13240269
13240295
13240327
13241543
13266830
13308739
13327578
13348722
13350587
13351144
13351862
13356010
13358752
13374176
13413454
13421379
13421387
13424714
13457189
13461524
13469591
13469985
13470485
13470754
13502153
13538546
13566292
13584970
13585275
13609669
13610896
13615223
13621474
13627644
13643840
13643924
13645499
13657184
13661113
13671961
13677320
13677903
13720631
13746108
13750345
13750583
14186330
14239247
14273055
14291657
14333781
14333938
14372137
14372903
14375197
14380314
14402969
14425418
14430153
14459124
14479556
14490195
14499307
14499310
14507071
14507087
14511638
14511655
14517764
14521481
14523545
14540652
14567420
14622942
14643800
14677988
14689710
14706558
14707255
14779561
14779638
14779688
14785665
14792148
14795626
14795672
14795674
14795718
14825699
14829505
14834035
14835252
14843940
14849458
14852861
14857782
14857798
14858044
14868445
14914066
14915169
14919784
14919789
14920458
14941321
14952526
14962073
14963070
14967507
14969258
14970262
14985670
14992920
14995082
15025817
15047940
15051729
15051773
15051937
15058217
15086816
15128731
15128758
15130741
15168456
15168466
15168963
15173217
15194825
15203762
15203770
15203777
15203794
15212443
15252041
15255715
15281816
15282967
15291757
15293293
15300187
15316828
15316873
15316926
15345382
15353818
15363277
15367095
15368703
15368712
15381835
15407977
15426007
15453934
15488747
15497174
15503675
15510581
15533515
15542483
15544949
15586684
15594966
15606960
15606991
15612772
15617937
15623157
15624858
15624886
15635463
15639111
15640025
15641881
15650879
15651453
15654347
15676160
15695667
15695716
15696470
15713536
15730977
15736748
15741525
15764071
15767619
15773414
15775233
15807190
15807243
15815942
15846110
15851298
15855226
15865734
15885114
15902462
15915209
15932824
15953019
15969171
15973955
15975881
15994319
15994823
16001087
16003868
16019450
16019534
16030211
16036531
16036540
16036544
16053882
16100416
16100550
16100560
16100604
16104068
16125082
16143008
16145799
16167408
16186028
16186037
16197964
16231756
16240111
16283777
16283808
16295180
16332694
16352969
16361324
16382582
16387740
16389729
16389774
16411839
16478312
16478320
16482636
16482729
16497300
16511774
16555829
16600831
16600839
16652157
16652179
16674539
16873054
16890696
16890712
16897003
16923693
16927652
16937176
16966722
16977320
16991248
17087378
17090535
17093711
17103208
17141131
17143126
17143133
17163199
17163211
17169191
17187580
17203623
17213499
17232263
17254060
17260804
17271038
17276435
17290429
17292612
17292639
17302793
17318765
17346541
17360513
17402529
17442007
17446961
17447038
17490812
17506393
17542053
17543647
17543935
17562422
17568633
17588709
17588720
17613661
17613867
17613946
17615488
17616761
17618408
17618431
17623278
17633345
17645148
17645232
17645993
17684080
17684103
17684597
17684615
17710229
17732359
17746461
17754954
17754955
17767996
17805502
17822752
17826044
17831191
17841752
17853200
17854393
17875237
17889163
17890870
17893599
17906167
17908344
17930424
17948473
17949240
17960751
17964215
17990388
17994017
18087242
18101373
18102490
18111957
18120919
18131075
18131115
18138642
18144581
18144608
18161964
18164029
18169851
18170816
18173868
18173928
18174613
18185387
18186061
18213985
18218867
18237943
18248535
18250535
18269220
18277722
18309511
18318094
18329364
18350460
18351014
18351021
18389850
18424341
18424356
18436739
18447563
18447933
18477753
18481154
18490927
18499718
18532567
18532599
18532602
18550127
18590189
18631568
18666208
18708126
18712633
18746775
18757304
18757319
18771974
18814204
18814294
18829354
18831296
18832783
18878164
18880318
18897915
18906841
18921897
18922025
18922059
18928099
18959723
18974217
19001677
19009472
19009720
19012049
19020202
19029853
19031540
